Approach 02 — MultiTaskCNN Character Classification
Epoch: ? | Val split: 0.15

              precision    recall  f1-score   support

           A       0.86      1.00      0.92         6
           B       0.73      1.00      0.84         8
           C       0.83      0.83      0.83         6
           D       1.00      0.83      0.91         6
           E       0.50      1.00      0.67         2
           F       1.00      0.57      0.73         7
           G       0.50      0.71      0.59         7
           H       0.89      1.00      0.94         8
           I       1.00      0.50      0.67         4
           J       1.00      0.38      0.55         8
           K       0.00      0.00      0.00         3
           L       1.00      0.33      0.50         6
           M       0.50      1.00      0.67         3
           N       1.00      1.00      1.00         3
           O       0.50      0.67      0.57         3
           P       1.00      0.80      0.89         5
           Q       0.43      1.00      0.60         3
           R       0.91      1.00      0.95        10
           S       1.00      0.50      0.67         4
           T       1.00      0.20      0.33         5
           U       1.00      0.25      0.40         4
           V       1.00      1.00      1.00         2
           W       0.55      1.00      0.71         6
           X       0.50      1.00      0.67         2
           Y       1.00      0.83      0.91         6
           Z       0.00      0.00      0.00         3
           a       0.00      0.00      0.00         2
           b       1.00      0.83      0.91         6
           c       0.00      0.00      0.00         1
           d       0.40      1.00      0.57         2
           e       1.00      0.67      0.80         6
           f       1.00      0.83      0.91         6
           g       0.67      1.00      0.80         4
           h       0.75      1.00      0.86         6
           i       1.00      0.75      0.86         4
           j       0.83      1.00      0.91         5
           k       0.80      1.00      0.89         4
           l       1.00      0.44      0.62         9
           m       0.86      1.00      0.92         6
           n       0.37      1.00      0.54        30
           o       0.43      0.75      0.55         4
           p       0.75      0.38      0.50         8
           q       1.00      1.00      1.00         5
           r       0.00      0.00      0.00         6
           s       0.50      0.50      0.50         4
           t       1.00      0.75      0.86         4
           u       1.00      1.00      1.00         8
           v       1.00      0.22      0.36         9
           w       0.17      1.00      0.29         1
           x       1.00      0.50      0.67         6
           y       0.86      1.00      0.92         6
           z       0.00      0.00      0.00         4
           0       0.00      0.00      0.00         3
           1       0.00      0.00      0.00         3
           2       0.00      0.00      0.00         3
           3       0.00      0.00      0.00         2
           4       0.00      0.00      0.00         2
           5       0.00      0.00      0.00         4
           6       0.00      0.00      0.00         2
           7       0.00      0.00      0.00         4
           8       0.00      0.00      0.00         3
           9       1.00      1.00      1.00         4

    accuracy                           0.67       316
   macro avg       0.61      0.60      0.56       316
weighted avg       0.69      0.67      0.63       316
